cam0:
  cam_overlaps: [1]
  camera_model: pinhole
  distortion_coeffs: [-0.041758198253697136, 0.003284685796087821, 0.00216788421914941, -0.002281676593156199]
  distortion_model: radtan
  intrinsics: [211.26589679992196, 211.56338164109386, 119.19000907107967, 79.09568903181699]
  resolution: [320, 160]
  rostopic: /stereo/left/image_raw
cam1:
  T_cn_cnm1:
  - [0.9998895995290206, -0.004262392559634674, -0.014234492030900719, -0.11875395081512694]
  - [0.004600041702642584, 0.9997068083905676, 0.023772607637660304, -0.002177400945534583]
  - [0.014128990411354741, -0.02383546238753859, 0.9996160474715996, 0.010084800934384217]
  - [0.0, 0.0, 0.0, 1.0]
  cam_overlaps: [0]
  camera_model: pinhole
  distortion_coeffs: [0.27842330412829647, 0.042176211617731996, 0.18682898072216947, -0.1773101118652588]
  distortion_model: equidistant
  intrinsics: [215.24094336245403, 215.25761325535584, 122.03017035122404, 75.24504527928306]
  resolution: [320, 160]
  rostopic: /stereo/right/image_raw
