cam0:
  cam_overlaps: [1]
  camera_model: pinhole
  distortion_coeffs: [-0.00802088050368473, -0.0017584068614951121, -0.0006761417800121172, 0.0017138271667660886]
  distortion_model: radtan
  intrinsics: [166.09842975777275, 166.14676890655653, 148.12371407549068, 85.26876541250529]
  resolution: [320, 160]
  rostopic: /stereo/left/image_raw
cam1:
  T_cn_cnm1:
  - [0.999884937495736, 0.000887360539880749, -0.015143459327887554, -0.11739100705084156]
  - [-0.0008329015869490112, 0.9999931654403247, 0.003602130977769366, -0.0009860607996207877]
  - [0.015146552217900277, -0.0035891034962522903, 0.9998788428064666, 0.0023340422247645305]
  - [0.0, 0.0, 0.0, 1.0]
  cam_overlaps: [0]
  camera_model: pinhole
  distortion_coeffs: [-0.013088773486905077, 0.007513833798974539, -0.0006562554968521397, 0.004158241820306576]
  distortion_model: radtan
  intrinsics: [168.01742805956505, 167.64128998659422, 150.60938991483064, 85.09189059998577]
  resolution: [320, 160]
  rostopic: /stereo/right/image_raw
