cam0:
  T_cam_imu:
  - [-0.9985844150046551, -0.04959993098688115, 0.01920970993811979, 0.08324888023005415]
  - [-0.019962592805279556, 0.014728572980180595, -0.9996922346534743, -0.04940330966834126]
  - [0.04930173423218164, -0.9986605609435387, -0.01569786665872808, -0.041351629808446075]
  - [0.0, 0.0, 0.0, 1.0]
  cam_overlaps: [1]
  camera_model: pinhole
  distortion_coeffs: [-0.00802088050368473, -0.0017584068614951121, -0.0006761417800121172, 0.0017138271667660886]
  distortion_model: radtan
  intrinsics: [166.09842975777275, 166.14676890655653, 148.12371407549068, 85.26876541250529]
  resolution: [320, 160]
  rostopic: /stereo/left/image_raw
  timeshift_cam_imu: -0.054950699033989775
cam1:
  T_cam_imu:
  - [-0.9992338282054171, -0.03445797875312537, 0.01855813218501253, -0.03356933746881677]
  - [-0.01895314252165239, 0.011172478035249742, -0.9997579477669113, -0.050607324929263675]
  - [0.03424229779820813, -0.9993436963501602, -0.011817004980019632, -0.03757433043332271]
  - [0.0, 0.0, 0.0, 1.0]
  T_cn_cnm1:
  - [0.9998849374957369, 0.000887360539880749, -0.015143459327887557, -0.11739100705084156]
  - [-0.0008329015869490112, 0.9999931654403256, 0.0036021309777693666, -0.0009860607996207877]
  - [0.01514655221790028, -0.0035891034962522907, 0.9998788428064674, 0.0023340422247645305]
  - [0.0, 0.0, 0.0, 1.0]
  cam_overlaps: [0]
  camera_model: pinhole
  distortion_coeffs: [-0.013088773486905077, 0.007513833798974539, -0.0006562554968521397, 0.004158241820306576]
  distortion_model: radtan
  intrinsics: [168.01742805956505, 167.64128998659422, 150.60938991483064, 85.09189059998577]
  resolution: [320, 160]
  rostopic: /stereo/right/image_raw
  timeshift_cam_imu: -0.049521867312737194
